1. 3_3 ANN

              precision    recall  f1-score   support

           0       0.14      0.63      0.23        30
           1       0.33      0.03      0.06        30
           2       0.50      0.07      0.12        30
           3       0.05      0.10      0.07        30
           4       0.10      0.10      0.10        30
           5       0.23      0.10      0.14        30
           6       0.00      0.00      0.00        30
           7       0.09      0.03      0.05        30
           8       0.18      0.10      0.13        30
           9       0.05      0.03      0.04        30

    accuracy                           0.12       300
   macro avg       0.17      0.12      0.09       300
weighted avg       0.17      0.12      0.09       300

2. 3_3 ANN_PCA

              precision    recall  f1-score   support

           0       0.09      0.20      0.13        30
           1       0.09      0.10      0.10        30
           2       0.17      0.13      0.15        30
           3       0.16      0.53      0.25        30
           4       0.17      0.17      0.17        30
           5       0.12      0.03      0.05        30
           6       0.36      0.17      0.23        30
           7       0.00      0.00      0.00        30
           8       0.25      0.13      0.17        30
           9       0.12      0.03      0.05        30

    accuracy                           0.15       300
   macro avg       0.15      0.15      0.13       300
weighted avg       0.15      0.15      0.13       300

3. 3_3 ANN_LDA

              precision    recall  f1-score   support

           0       0.41      0.97      0.58        30
           1       0.58      0.83      0.68        30
           2       0.00      0.00      0.00        30
           3       0.04      0.07      0.05        30
           4       0.00      0.00      0.00        30
           5       0.00      0.00      0.00        30
           6       0.00      0.00      0.00        30
           7       0.62      0.27      0.37        30
           8       0.00      0.00      0.00        30
           9       0.31      0.17      0.22        30

    accuracy                           0.23       300
   macro avg       0.20      0.23      0.19       300
weighted avg       0.20      0.23      0.19       300

4. 4_2 ANN

              precision    recall  f1-score   support

           0       0.06      0.05      0.06        20
           1       0.25      0.05      0.08        20
           2       1.00      0.10      0.18        20
           3       0.13      0.40      0.20        20
           4       0.15      0.35      0.21        20
           5       0.00      0.00      0.00        20
           6       0.00      0.00      0.00        20
           7       0.00      0.00      0.00        20
           8       0.19      0.15      0.17        20
           9       0.12      0.15      0.14        20

    accuracy                           0.12       200
   macro avg       0.19      0.12      0.10       200
weighted avg       0.19      0.12      0.10       200

5. 4_2 ANN_PCA

              precision    recall  f1-score   support

           0       0.16      0.45      0.24        20
           1       0.02      0.05      0.03        20
           2       0.12      0.20      0.15        20
           3       0.00      0.00      0.00        20
           4       0.05      0.05      0.05        20
           5       0.00      0.00      0.00        20
           6       0.17      0.10      0.12        20
           7       0.00      0.00      0.00        20
           8       0.42      0.25      0.31        20
           9       0.00      0.00      0.00        20

    accuracy                           0.11       200
   macro avg       0.09      0.11      0.09       200
weighted avg       0.09      0.11      0.09       200

6. 4_2 ANN_LDA

              precision    recall  f1-score   support

           0       0.90      0.95      0.93        20
           1       0.52      0.55      0.54        20
           2       0.00      0.00      0.00        20
           3       0.12      0.15      0.14        20
           4       0.29      0.50      0.37        20
           5       0.00      0.00      0.00        20
           6       0.43      0.15      0.22        20
           7       0.00      0.00      0.00        20
           8       0.14      0.15      0.14        20
           9       0.10      0.15      0.12        20

    accuracy                           0.26       200
   macro avg       0.25      0.26      0.25       200
weighted avg       0.25      0.26      0.25       200

7. 5_1 ANN

              precision    recall  f1-score   support

           0       0.18      0.70      0.29        10
           1       0.00      0.00      0.00        10
           2       0.25      0.10      0.14        10
           3       0.23      0.30      0.26        10
           4       0.00      0.00      0.00        10
           5       0.25      0.10      0.14        10
           6       0.25      0.20      0.22        10
           7       0.00      0.00      0.00        10
           8       0.17      0.20      0.18        10
           9       0.11      0.10      0.11        10

    accuracy                           0.17       100
   macro avg       0.14      0.17      0.13       100
weighted avg       0.14      0.17      0.13       100

8. 5_1 ANN_PCA

              precision    recall  f1-score   support

           0       0.00      0.00      0.00        10
           1       0.00      0.00      0.00        10
           2       0.14      0.30      0.19        10
           3       0.00      0.00      0.00        10
           4       0.00      0.00      0.00        10
           5       0.11      0.20      0.14        10
           6       0.00      0.00      0.00        10
           7       0.08      0.40      0.13        10
           8       0.00      0.00      0.00        10
           9       0.00      0.00      0.00        10

    accuracy                           0.09       100
   macro avg       0.03      0.09      0.05       100
weighted avg       0.03      0.09      0.05       100

9. 5_1 ANN_LDA

              precision    recall  f1-score   support

           0       0.47      0.90      0.62        10
           1       0.29      0.90      0.44        10
           2       0.00      0.00      0.00        10
           3       0.00      0.00      0.00        10
           4       0.00      0.00      0.00        10
           5       0.00      0.00      0.00        10
           6       0.00      0.00      0.00        10
           7       0.00      0.00      0.00        10
           8       0.00      0.00      0.00        10
           9       0.00      0.00      0.00        10

    accuracy                           0.18       100
   macro avg       0.08      0.18      0.11       100
weighted avg       0.08      0.18      0.11       100