1. 3_3 SVM

              precision    recall  f1-score   support

           0       0.17      1.00      0.29        30
           1       0.00      0.00      0.00        30
           2       0.06      0.07      0.06        30
           3       0.00      0.00      0.00        30
           4       0.19      0.17      0.18        30
           5       0.00      0.00      0.00        30
           6       0.26      0.40      0.31        30
           7       0.33      0.03      0.06        30
           8       0.00      0.00      0.00        30
           9       0.00      0.00      0.00        30

    accuracy                           0.17       300
   macro avg       0.10      0.17      0.09       300
weighted avg       0.10      0.17      0.09       300

2. 3_3 SVM_PCA

              precision    recall  f1-score   support

           0       0.15      1.00      0.26        30
           1       0.00      0.00      0.00        30
           2       0.17      0.10      0.12        30
           3       0.00      0.00      0.00        30
           4       0.00      0.00      0.00        30
           5       0.00      0.00      0.00        30
           6       0.26      0.57      0.36        30
           7       0.00      0.00      0.00        30
           8       0.00      0.00      0.00        30
           9       0.00      0.00      0.00        30

    accuracy                           0.17       300
   macro avg       0.06      0.17      0.07       300
weighted avg       0.06      0.17      0.07       300

3. 3_3 SVM_LDA

              precision    recall  f1-score   support

           0       0.59      0.97      0.73        30
           1       0.96      0.87      0.91        30
           2       0.00      0.00      0.00        30
           3       0.11      0.27      0.16        30
           4       0.04      0.03      0.03        30
           5       0.00      0.00      0.00        30
           6       0.00      0.00      0.00        30
           7       0.60      0.40      0.48        30
           8       0.00      0.00      0.00        30
           9       0.44      0.80      0.56        30

    accuracy                           0.33       300
   macro avg       0.27      0.33      0.29       300
weighted avg       0.27      0.33      0.29       300

4. 4_2 SVM

              precision    recall  f1-score   support

           0       0.17      1.00      0.30        20
           1       0.00      0.00      0.00        20
           2       0.11      0.05      0.07        20
           3       0.00      0.00      0.00        20
           4       0.18      0.15      0.16        20
           5       0.00      0.00      0.00        20
           6       0.24      0.55      0.34        20
           7       0.00      0.00      0.00        20
           8       0.00      0.00      0.00        20
           9       0.00      0.00      0.00        20

    accuracy                           0.17       200
   macro avg       0.07      0.17      0.09       200
weighted avg       0.07      0.17      0.09       200

5. 4_2 SVM_PCA

              precision    recall  f1-score   support

           0       0.18      0.90      0.30        20
           1       0.17      0.05      0.08        20
           2       0.17      0.05      0.08        20
           3       0.00      0.00      0.00        20
           4       0.25      0.10      0.14        20
           5       0.33      0.05      0.09        20
           6       0.19      0.55      0.28        20
           7       0.00      0.00      0.00        20
           8       0.00      0.00      0.00        20
           9       0.00      0.00      0.00        20

    accuracy                           0.17       200
   macro avg       0.13      0.17      0.10       200
weighted avg       0.13      0.17      0.10       200

6. 4_2 SVM_LDA

              precision    recall  f1-score   support

           0       1.00      1.00      1.00        20
           1       0.00      0.00      0.00        20
           2       0.00      0.00      0.00        20
           3       0.10      0.20      0.14        20
           4       0.00      0.00      0.00        20
           5       0.00      0.00      0.00        20
           6       0.00      0.00      0.00        20
           7       0.00      0.00      0.00        20
           8       0.00      0.00      0.00        20
           9       0.17      0.60      0.27        20

    accuracy                           0.18       200
   macro avg       0.13      0.18      0.14       200
weighted avg       0.13      0.18      0.14       200

7. 5_1 SVM

              precision    recall  f1-score   support

           0       0.18      1.00      0.30        10
           1       0.00      0.00      0.00        10
           2       0.00      0.00      0.00        10
           3       0.00      0.00      0.00        10
           4       0.30      0.30      0.30        10
           5       0.00      0.00      0.00        10
           6       0.26      0.60      0.36        10
           7       0.00      0.00      0.00        10
           8       0.00      0.00      0.00        10
           9       0.00      0.00      0.00        10

    accuracy                           0.19       100
   macro avg       0.07      0.19      0.10       100
weighted avg       0.07      0.19      0.10       100

8. 5_1 SVM_PCA

              precision    recall  f1-score   support

           0       0.17      0.60      0.26        10
           1       0.33      0.10      0.15        10
           2       0.20      0.10      0.13        10
           3       0.00      0.00      0.00        10
           4       0.00      0.00      0.00        10
           5       0.00      0.00      0.00        10
           6       0.19      0.70      0.30        10
           7       0.00      0.00      0.00        10
           8       0.00      0.00      0.00        10
           9       0.00      0.00      0.00        10

    accuracy                           0.15       100
   macro avg       0.09      0.15      0.08       100
weighted avg       0.09      0.15      0.08       100

9. 5_1 SVM_LDA

              precision    recall  f1-score   support

           0       0.60      0.90      0.72        10
           1       0.00      0.00      0.00        10
           2       0.00      0.00      0.00        10
           3       0.00      0.00      0.00        10
           4       0.00      0.00      0.00        10
           5       0.00      0.00      0.00        10
           6       0.00      0.00      0.00        10
           7       0.06      0.20      0.09        10
           8       0.00      0.00      0.00        10
           9       0.25      0.10      0.14        10

    accuracy                           0.12       100
   macro avg       0.09      0.12      0.10       100
weighted avg       0.09      0.12      0.10       100